[gd_scene load_steps=4 format=2]

[ext_resource path="res://scenes/Enemy/Hat/hat.obj" type="ArrayMesh" id=1]
[ext_resource path="res://scenes/Enemy/Hat/hat.tres" type="Material" id=2]
[ext_resource path="res://scenes/Enemy/Hat/EnemyHatDisplay3D.gd" type="Script" id=3]

[node name="EnemyHatDisplay3D" type="Spatial"]
script = ExtResource( 3 )

[node name="Mesh" type="MeshInstance" parent="."]
transform = Transform( -4.37114e-08, -0.263991, 0.964525, 0, 0.964525, 0.263991, -1, 1.15394e-08, -4.21607e-08, 0, 0.0736893, 0 )
mesh = ExtResource( 1 )
material/0 = ExtResource( 2 )
material/1 = ExtResource( 2 )

[node name="Camera" type="Camera" parent="."]
unique_name_in_owner = true
transform = Transform( 1, 0, 0, 0, 0.447213, 0.894428, 0, -0.894428, 0.447213, 0, 4.5, 2 )
projection = 1
size = 1.348

[node name="DirectionalLight" type="DirectionalLight" parent="."]
transform = Transform( 0.503355, -0.728444, 0.464762, -0.0402868, 0.5175, 0.854734, -0.86314, -0.448958, 0.23114, 0, 0, 0 )
